0
6
11
12
17
18
20
24
25
28
29
31
32
36
39
63
64
72
74
103
220
255
340
429
445
446
462
483
817
835
906
1107
1217
1260
1307
1324
1369
1427
1438
1547
1625
1629
1658
1691
1713
1747
1984
2021
2042
2116
2221
2331
2340
2346
2390
2450
2502
2508
2780
2989
3099
3244
3253
3630
3779
3939
3985
3991
4030
4124
4185
4187
4188
4194
4207
4223
4224
4244
4264
4273
4304
4316
4336
4338
4385
4465
4561
4640
4684
4716
4770
4845
4850
4870
4871
4930
5062
5230
5435
5540
5603
5604
5832
5920
6049
6077
6173
6288
6335
6498
6562
6624
6679
6773
6873
6903
6944
7060
7083
7107
7118
7197
7308
7392
7511
7669
7711
7751
7837
7842
8052
8269
8319
8339
8366
8443
8475
8481
8591
8708
8800
8942
9158
9377
9378
9400
9404
9418
9524
9804
9906
10022
10057
10103
10211
10240
10268
10294
10372
10610
10680
10737
10896
10901
10934
11059
11110
11215
11659
11690
12226
12263
12487
12558
12575
12592
12758
12776
12779
12859
13191
13328
13331
13415
13417
13443
13455
13467
13468
13471
13501
13600
13640
13915
13949
13951
14080
14087
14092
14250
14466
14479
14732
14948
15044
15058
15126
15153
15161
15227
15405
15417
15420
15463
15557
15731
15747
15910
15927
16101
16226
16259
16266
16267
16289
16303
16314
16316
16321
16328
16329
16332
16334
16339
16346
16347
16380
16409
16415
16429
16471
16548
16773
16780
17319
17357
17363
17518
17533
17646
17652
17674
17712
17736
17772
17802
18106
18108
18113
18149
18163
18369
18658
18683
18728
18754
18953
19308
19577
19602
19877
19928
19964
19972
19988
20009
20163
20216
20218
20424
20427
20472
20626
20640
20732
20915
21458
21462
21474
21548
21577
21709
21720
22003
22061
22064
22138
22168
22175
22183
22203
22239
22243
22416
22515
22536
22611
22621
22684
22695
22790
22806
23199
23368
23405
23584
23668
23669
23684
23731
23750
23809
23832
23847
23861
23888
23907
24044
24051
24254
24283
24358
24415
24447
24492
24516
24522
24567
24654
24714
24737
24797
24883
24940
24963
25194
25252
25660
26087
26162
26185
26252
26254
26608
26737
26921
27238
27440
27490
27504
27622
27651
27681
27843
28091
28098
28120
28161
28301
28417
28457
28487
28492
28498
28710
28723
28787
28933
28979
29005
29311
29493
29656
29722
29883
29911
30087
30090
30118
30146
30212
30280
30296
30303
30351
30359
30531
30576
30628
30649
30769
30974
31094
31234
31277
31504
31526
31531
31736
31827
31867
31890
31933
31935
31938
31996
32012
32282
32323
32710
32715
32720
32728
32741
32742
32753
32756
32762
